 Sonnet Data File
 From: emgraph Version : 16.56
 From Project: Cap_300MHz_500umheight_650fingers_with_boundary
 Data is De-embedded 
 Data File Written: 12/10/2019 16:59:47
Project Date: 12/10/2019 15:13:28
R 50.00000
Frequency (MHz),RE[Y11],IM[Y11],RE[Y12],IM[Y12],RE[Y21],IM[Y21],RE[Y22],IM[Y22]
100.0000000000000,1.3492990315e-4,0.0133597847764,-1.333814324e-4,-0.013195669443,-1.333814324e-4,-0.013195669443,1.3495250693e-4,0.0133620031290
105.0000000000000,1.3830576311e-4,0.0140690494545,-1.367289601e-4,-0.013896730175,-1.367289601e-4,-0.013896730175,1.3832882755e-4,0.0140713912351
110.0000000000000,1.4174131274e-4,0.0147846798207,-1.401355870e-4,-0.014604157207,-1.401355870e-4,-0.014604157207,1.4176502188e-4,0.0147871468937
115.0000000000000,1.4524765049e-4,0.0155070548455,-1.436127039e-4,-0.015318329502,-1.436127039e-4,-0.015318329502,1.4527212453e-4,0.0155096491838
120.0000000000000,1.4883453980e-4,0.0162365653620,-1.471702594e-4,-0.016039637863,-1.471702594e-4,-0.016039637863,1.4885985265e-4,0.0162392890619
125.0000000000000,1.5251063586e-4,0.0169736151835,-1.508170193e-4,-0.016768486079,-1.508170193e-4,-0.016768486079,1.5253682954e-4,0.0169764704748
130.0000000000000,1.5628370622e-4,0.0177186222104,-1.545608105e-4,-0.017505292032,-1.545608105e-4,-0.017505292032,1.5631080245e-4,0.0177216114636
135.0000000000000,1.6016083915e-4,0.0184720195445,-1.584087475e-4,-0.018250488823,-1.584087475e-4,-0.018250488823,1.6018884835e-4,0.0184751452756
140.0000000000000,1.6414863641e-4,0.0192342566267,-1.623674370e-4,-0.019004525903,-1.623674370e-4,-0.019004525903,1.6417756449e-4,0.0192375215012
145.0000000000000,1.6825338949e-4,0.0200058004127,-1.664431637e-4,-0.019767870253,-1.664431637e-4,-0.019767870253,1.6828324283e-4,0.0200092072494
150.0000000000000,1.7248123915e-4,0.0207871366013,-1.706420554e-4,-0.020541007611,-1.706420554e-4,-0.020541007611,1.7251202803e-4,0.0207906883755
155.0000000000000,1.7683831903e-4,0.0215787709260,-1.749702304e-4,-0.021324443757,-1.749702304e-4,-0.021324443757,1.7687005987e-4,0.0215824707737
160.0000000000000,1.8133088457e-4,0.0223812305239,-1.794339295e-4,-0.022118705884,-1.794339295e-4,-0.022118705884,1.8136360125e-4,0.0223850817457
165.0000000000000,1.8596542853e-4,0.0231950653923,-1.840396323e-4,-0.022924344054,-1.840396323e-4,-0.022924344054,1.8599915293e-4,0.0231990714589
170.0000000000000,1.9074878465e-4,0.0240208499463,-1.887941623e-4,-0.023741932751,-1.887941623e-4,-0.023741932751,1.9078355671e-4,0.0240250145042
175.0000000000000,1.9568822112e-4,0.0248591846890,-1.937047801e-4,-0.024572072552,-1.937047801e-4,-0.024572072552,1.9572408853e-4,0.0248635115675
180.0000000000000,2.0079152543e-4,0.0257106980082,-1.987792681e-4,-0.025415391926,-1.987792681e-4,-0.025415391926,2.0082854302e-4,0.0257151912268
185.0000000000000,2.0606708218e-4,0.0265760481122,-2.040260088e-4,-0.026272549162,-2.040260088e-4,-0.026272549162,2.0610531122e-4,0.0265807118889
190.0000000000000,2.1152394560e-4,0.0274559251202,-2.094540560e-4,-0.027144234467,-2.094540560e-4,-0.027144234467,2.1156345305e-4,0.0274607638816
195.0000000000000,2.1717190820e-4,0.0283510533238,-2.150732037e-4,-0.028031172225,-2.150732037e-4,-0.028031172225,2.1721276595e-4,0.0283560717149
200.0000000000000,2.2302156736e-4,0.0292621936354,-2.208940524e-4,-0.028934123442,-2.208940524e-4,-0.028934123442,2.2306385151e-4,0.0292673965316
205.0000000000000,2.2908439114e-4,0.0301901462449,-2.269280738e-4,-0.029853888410,-2.269280738e-4,-0.029853888410,2.2912818146e-4,0.0301955387642
210.0000000000000,2.3537278521e-4,0.0311357535029,-2.331876782e-4,-0.030791309585,-2.331876782e-4,-0.030791309585,2.3541816461e-4,0.0311413410195
215.0000000000000,2.4190016217e-4,0.0320999030571,-2.396862830e-4,-0.031747274725,-2.396862830e-4,-0.031747274725,2.4194721636e-4,0.0321056912159
220.0000000000000,2.4868101502e-4,0.0330835312641,-2.464383865e-4,-0.032722720304,-2.464383865e-4,-0.032722720304,2.4872983237e-4,0.0330895259968
225.0000000000000,2.5573099632e-4,0.0340876269089,-2.534596463e-4,-0.033718635234,-2.534596463e-4,-0.033718635234,2.5578166778e-4,0.0340938344506
230.0000000000000,2.6306700474e-4,0.0351132352619,-2.607669660e-4,-0.034736064917,-2.607669660e-4,-0.034736064917,2.6311962396e-4,0.0351196621697
235.0000000000000,2.7070728062e-4,0.0361614625107,-2.683785908e-4,-0.035776115684,-2.683785908e-4,-0.035776115684,2.7076194425e-4,0.0361681156834
240.0000000000000,2.7867151256e-4,0.0372334806074,-2.763142140e-4,-0.036839959637,-2.763142140e-4,-0.036839959637,2.7872832059e-4,0.0372403673064
245.0000000000000,2.8698095671e-4,0.0383305325767,-2.845950961e-4,-0.037928839965,-2.845950961e-4,-0.037928839965,2.8704001305e-4,0.0383376604490
250.0000000000000,2.9565857109e-4,0.0394539383363,-2.932441993e-4,-0.039044076759,-2.932441993e-4,-0.039044076759,2.9571998423e-4,0.0394613154394
255.0000000000000,3.0472916712e-4,0.0406051010897,-3.022863392e-4,-0.040187073412,-3.022863392e-4,-0.040187073412,3.0479305091e-4,0.0406127359176
260.0000000000000,3.1421958091e-4,0.0417855143548,-3.117483559e-4,-0.041359323641,-3.117483559e-4,-0.041359323641,3.1428605546e-4,0.0417934158673
265.0000000000000,3.2415886717e-4,0.0429967697061,-3.216593080e-4,-0.042562419240,-3.216593080e-4,-0.042562419240,3.2422805986e-4,0.0430049473595
270.0000000000000,3.3457851896e-4,0.0442405653152,-3.320506929e-4,-0.043798058614,-3.320506929e-4,-0.043798058614,3.3465056552e-4,0.0442490290962
275.0000000000000,3.4551271685e-4,0.0455187153862,-3.429566953e-4,-0.045068056219,-3.429566953e-4,-0.045068056219,3.4558776261e-4,0.0455274758485
280.0000000000000,3.5699861179e-4,0.0468331606000,-3.544144709e-4,-0.046374353009,-3.544144709e-4,-0.046374353009,3.5707681294e-4,0.0468422289039
285.0000000000000,3.6907664641e-4,0.0481859796929,-3.664644673e-4,-0.047719028014,-3.664644673e-4,-0.047719028014,3.6915817144e-4,0.0481953676488
290.0000000000000,3.8179092039e-4,0.0495794023175,-3.791507898e-4,-0.049104311206,-3.791507898e-4,-0.049104311206,3.8187595159e-4,0.0495891224336
295.0000000000000,3.9518960646e-4,0.0510158233560,-3.925216173e-4,-0.050532597811,-3.925216173e-4,-0.050532597811,3.9527834151e-4,0.0510258888895
300.0000000000000,4.0932542453e-4,0.0524978188781,-4.066296766e-4,-0.052006464273,-4.066296766e-4,-0.052006464273,4.0941807831e-4,0.0525082438926
305.0000000000000,4.2425618314e-4,0.0540281639723,-4.215327843e-4,-0.053528686083,-4.215327843e-4,-0.053528686083,4.2435298959e-4,0.0540389633997
310.0000000000000,4.4004539867e-4,0.0556098527102,-4.372944654e-4,-0.055102257754,-4.372944654e-4,-0.055102257754,4.4014661285e-4,0.0556210424195
315.0000000000000,4.5676300486e-4,0.0572461205488,-4.539846637e-4,-0.056730415218,-4.539846637e-4,-0.056730415218,4.5686890520e-4,0.0572577174215
320.0000000000000,4.7448616774e-4,0.0589404695265,-4.716805565e-4,-0.058416661035,-4.716805565e-4,-0.058416661035,4.7459705849e-4,0.0589524915404
325.0000000000000,4.9330022358e-4,0.0606966966681,-4.904674927e-4,-0.060164792793,-4.904674927e-4,-0.060164792793,4.9341643754e-4,0.0607091629893
330.0000000000000,5.1329976142e-4,0.0625189260855,-5.104400758e-4,-0.061978935222,-5.104400758e-4,-0.061978935222,5.1342166290e-4,0.0625318571711
335.0000000000000,5.3458987549e-4,0.0644116453511,-5.317034160e-4,-0.063863576568,-5.317034160e-4,-0.063863576568,5.3471786376e-4,0.0644250630630
340.0000000000000,5.5728761915e-4,0.0663797468190,-5.543745850e-4,-0.065823609924,-5.543745850e-4,-0.065823609924,5.5742213217e-4,0.0663936745510
345.0000000000000,5.8152369702e-4,0.0684285747031,-5.785843077e-4,-0.067864380310,-5.785843077e-4,-0.067864380310,5.8166521572e-4,0.0684430375222
350.0000000000000,6.0744444165e-4,0.0705639788661,-6.044789398e-4,-0.069991738478,-6.044789398e-4,-0.069991738478,6.0759349482e-4,0.0705790036712
355.0000000000000,6.3521413025e-4,0.0727923764667,-6.322227844e-4,-0.072212102564,-6.322227844e-4,-0.072212102564,6.3537130007e-4,0.0728079921667
360.0000000000000,6.6501770993e-4,0.0751208228373,-6.620008180e-4,-0.074532528976,-6.620008180e-4,-0.074532528976,6.6518363837e-4,0.0751370605513
365.0000000000000,6.9706401608e-4,0.0775570932470,-6.940219092e-4,-0.076960794174,-6.940219092e-4,-0.076960794174,6.9723941225e-4,0.0775739865303
370.0000000000000,7.3158958844e-4,0.0801097775517,-7.285226352e-4,-0.079505489331,-7.285226352e-4,-0.079505489331,7.3177523714e-4,0.0801273626513
375.0000000000000,7.6886321549e-4,0.0827883901666,-7.657718271e-4,-0.082176130325,-7.657718271e-4,-0.082176130325,7.6905998713e-4,0.0828067063117
380.0000000000000,8.0919137039e-4,0.0856034983356,-8.060760069e-4,-0.084983286029,-8.060760069e-4,-0.084983286029,8.0940023266e-4,0.0856225880684
385.0000000000000,8.5292474476e-4,0.0885668723506,-8.497859215e-4,-0.087938728552,-8.497859215e-4,-0.087938728552,8.5314677628e-4,0.0885867819041
390.0000000000000,9.0046614114e-4,0.0916916622335,-8.973044374e-4,-0.091055609948,-8.973044374e-4,-0.091055609948,9.0070254757e-4,0.0917124419646
395.0000000000000,9.5228005757e-4,0.0949926064822,-9.490961258e-4,-0.094348670998,-9.490961258e-4,-0.094348670998,9.5253219080e-4,0.0950143113714
400.0000000000000,0.0010089043925,0.0984862798845,-1.005698970e-3,-0.097834489063,-1.005698970e-3,-0.097834489063,0.0010091737734,0.0985089701124
405.0000000000000,0.0010709648236,0.1021913892027,-1.067738746e-3,-0.101531773809,-1.067738746e-3,-0.101531773809,0.0010712531694,0.1022151308201
410.0000000000000,0.0011391925842,0.1061291278767,-1.135946803e-3,-0.105461721975,-1.135946803e-3,-0.105461721975,0.0011395018413,0.1061539935860
415.0000000000000,0.0012144465854,0.1103236039634,-1.211182186e-3,-0.109648445371,-1.211182186e-3,-0.109648445371,0.0012147789693,0.1103496740346
420.0000000000000,0.0012977411450,0.1148023595789,-1.294459373e-3,-0.114119490408,-1.294459373e-3,-0.114119490408,0.0012980991889,0.1148297229288
425.0000000000000,0.0013902810084,0.1195970055142,-1.386983298e-3,-0.118906472809,-1.386983298e-3,-0.118906472809,0.0013906676227,0.1196257609850
430.0000000000000,0.0014935059391,0.1247440019563,-1.490193950e-3,-0.124045858457,-1.490193950e-3,-0.124045858457,0.0014939244849,0.1247742598400
435.0000000000000,0.0016091479913,0.1302856261222,-1.605823655e-3,-0.129579931178,-1.605823655e-3,-0.129579931178,0.0016096023721,0.1303175099884
440.0000000000000,0.0017393057617,0.1362711811741,-1.735971340e-3,-0.135558001847,-1.735971340e-3,-0.135558001847,0.0017398005384,0.1363048300783
445.0000000000000,0.0018865416317,0.1427585196441,-1.883199785e-3,-0.142037932052,-1.883199785e-3,-0.142037932052,0.0018870821677,0.1427940908148
450.0000000000000,0.0020540105097,0.1498159811404,-2.050664396e-3,-0.149088072106,-2.050664396e-3,-0.149088072106,0.0020546031572,0.1498536532748
455.0000000000000,0.0022456323105,0.1575248819829,-2.242285701e-3,-0.156789751071,-2.242285701e-3,-0.156789751071,0.0022462846502,0.1575648593253
460.0000000000000,0.0024663260128,0.1659827493019,-2.462983450e-3,-0.165240511367,-2.462983450e-3,-0.165240511367,0.0024670471679,0.1660252667387
465.0000000000000,0.0027223317821,0.1753075728672,-2.718998787e-3,-0.174558361270,-2.718998787e-3,-0.174558361270,0.0027231328327,0.1753529023577
470.0000000000000,0.0030216611718,0.1856434688977,-3.018344522e-3,-0.184887439609,-3.018344522e-3,-0.184887439609,0.0030225557113,0.1856919276854
475.0000000000000,0.0033747371131,0.1971683348085,-3.371445222e-3,-0.196405671717,-3.371445222e-3,-0.196405671717,0.0033757420052,0.1972202960376
480.0000000000000,0.0037953209776,0.2101043619606,-3.792064417e-3,-0.209335283833,-3.792064417e-3,-0.209335283833,0.0037964574049,0.2101602685970
485.0000000000000,0.0043018839320,0.2247327335164,-4.298676172e-3,-0.223957503267,-4.298676172e-3,-0.223957503267,0.0043031788750,0.2247931168875
490.0000000000000,0.0049196837476,0.2414145885322,-4.916542223e-3,-0.240633525787,-4.916542223e-3,-0.240633525787,0.0049211721160,0.2414800934552
495.0000000000000,0.0056839945524,0.2606216060441,-5.680942235e-3,-0.259835104506,-5.680942235e-3,-0.259835104506,0.0056857223310,0.2606930255669
500.0000000000000,0.0066452836525,0.2829817830116,-6.642351437e-3,-0.282190335027,-6.642351437e-3,-0.282190335027,0.0066473126733,0.2830601075394
505.0000000000000,0.0078778023982,0.3093500015075,-7.875032836e-3,-0.308554233712,-7.875032836e-3,-0.308554233712,0.0078802178112,0.3094364901088
510.0000000000000,0.0094944295078,0.3409205872521,-9.491882875e-3,-0.340121313908,-9.491882875e-3,-0.340121313908,0.0094973519141,0.3410168743379
515.0000000000000,0.0116735644609,0.3794141915964,-0.011671329047,-0.378612497294,-0.011671329047,-0.378612497294,0.0116771704948,0.3795224523334
520.0000000000000,0.0147106985859,0.4274032599649,-0.014708909085,-0.426600633460,-0.014708909085,-0.426600633460,0.0147152576983,0.4275264779767
525.0000000000000,0.0191243861803,0.4889126923471,-0.019123258726,-0.488111254782,-0.019123258726,-0.488111254782,0.0191303307151,0.4890551161900
530.0000000000000,0.0258936082561,0.5706110441890,-0.025893512742,-0.569813964485,-0.025893512742,-0.569813964485,0.0259016781021,0.5707790181991
535.0000000000000,0.0370518087058,0.6843999726763,-0.037053434419,-0.683612289796,-0.037053434419,-0.683612289796,0.0370633825920,0.6846035816289
540.0000000000000,0.0574121078812,0.8537713859636,-0.057416900155,-0.853001830067,-0.057416900155,-0.853001830067,0.0574300767466,0.8540280976665
545.0000000000000,0.1007626826406,1.1323048220241,-0.100774252785,-1.131570542093,-0.100774252785,-1.131570542093,0.1007942697196,1.1326489433137
550.0000000000000,0.2209494494526,1.6732201071167,-0.220979867929,-1.672562327391,-0.220979867929,-1.672562327391,0.2210187976110,1.6737340991877
555.0000000000000,0.8070425492010,3.1311408520369,-0.807165013310,-3.130703658620,-0.807165013310,-3.130703658620,0.8072960645915,3.1321129160303
560.0000000000000,12.687598548308,2.0355325115798,-12.68958773342,-2.034914781190,-12.68958773342,-2.034914781190,12.691585860576,2.0361603442806
565.0000000000000,0.9445843308083,-3.384153821580,-0.944728404858,3.3856317374350,-0.944728404858,3.3856317374350,0.9448811926493,-3.385229617566
570.0000000000000,0.2386247988558,-1.753191679106,-0.238657902003,1.7544218420699,-0.238657902003,1.7544218420699,0.2386997631138,-1.753755046489
575.0000000000000,0.1054267195169,-1.173405469256,-0.105438857150,1.1745530444446,-0.105438857150,1.1745530444446,0.1054598111645,-1.173786757683
580.0000000000000,0.0589932617874,-0.880708175649,-0.058998069512,0.8818182749673,-0.058998069512,0.8818182749673,0.0590117542346,-0.880997609423
585.0000000000000,0.0376010454867,-0.704680670263,-0.037602458982,0.7057716289855,-0.037602458982,0.7057716289855,0.0376128107649,-0.704914916158
590.0000000000000,0.0260268041857,-0.587249484781,-0.026026366620,0.5883305135164,-0.026026366620,0.5883305135164,0.0260349289311,-0.587446958749
595.0000000000000,0.0190713227132,-0.503346099708,-0.019069760092,0.5044224702384,-0.019069760092,0.5044224702384,0.0190772591055,-0.503517339366
600.0000000000000,0.0145699888207,-0.440402148503,-0.014567686915,0.4414771578489,-0.014567686915,0.4414771578489,0.0145745085210,-0.440553741577
605.0000000000000,0.0114917405721,-0.391428254614,-0.011488923058,0.3925041016517,-0.011488923058,0.3925041016517,0.0114952910258,-0.391564592308
610.0000000000000,0.0092949338989,-0.352229741914,-9.291739300e-3,0.3533079664705,-9.291739300e-3,0.3533079664705,0.0092977922326,-0.352353897171
615.0000000000000,0.0076729765053,-0.320137524041,-7.669495167e-3,0.3212192465785,-7.669495167e-3,0.3212192465785,0.0076753234817,-0.320251730947
620.0000000000000,0.0064417863272,-0.293372677911,-6.438079670e-3,0.2944587394001,-6.438079670e-3,0.2944587394001,0.0064437448556,-0.293478611466
625.0000000000000,0.0054854360925,-0.270704054237,-5.481547323e-3,0.2717951022334,-5.481547323e-3,0.2717951022334,0.0054870926529,-0.270803002520
630.0000000000000,0.0047279807391,-0.251252578546,-4.723941136e-3,0.2523491225110,-4.723941136e-3,0.2523491225110,0.0047293979502,-0.251345553367
635.0000000000000,0.0041179884268,-0.234373830588,-4.113821190e-3,0.2354762787670,-4.113821190e-3,0.2354762787670,0.0041192127507,-0.234461641246
640.0000000000000,0.0036196275047,-0.219584665757,-3.615350207e-3,0.2206933505164,-3.615350207e-3,0.2206933505164,0.0036206941498,-0.219667969724
645.0000000000000,0.0032073165673,-0.206515744573,-3.202942767e-3,0.2076309402884,-3.202942767e-3,0.2076309402884,0.0032082527095,-0.206595083267
650.0000000000000,0.0028623982924,-0.194879893596,-2.857938619e-3,0.1960018295642,-2.857938619e-3,0.1960018295642,0.0028632252496,-0.194955718210
655.0000000000000,0.0025710073137,-0.184450463544,-2.566470220e-3,0.1855793334929,-2.566470220e-3,0.1855793334929,0.0025717420503,-0.184523154068
660.0000000000000,0.0023226666542,-0.175046185839,-2.318058933e-3,0.1761821550674,-2.318058933e-3,0.1761821550674,0.0023233228134,-0.175116065337
665.0000000000000,0.0021093411508,-0.166520355472,-2.104668314e-3,0.1676635662800,-2.104668314e-3,0.1676635662800,0.0021099298165,-0.166587700942
670.0000000000000,0.0019247850864,-0.158752966668,-1.920051664e-3,0.1599035425425,-1.920051664e-3,0.1599035425425,0.0019253153740,-0.158818017417
675.0000000000000,0.0017640847817,-0.151644904605,-1.759294528e-3,0.1528029535035,-1.759294528e-3,0.1528029535035,0.0017645642577,-0.151707868816
680.0000000000000,0.0016233318687,-0.145113588901,-1.618487922e-3,0.1462792058494,-1.618487922e-3,0.1462792058494,0.0016237668661,-0.145174648828
685.0000000000000,0.0014993863460,-0.139089663507,-1.494491348e-3,0.1402629326766,-1.494491348e-3,0.1402629326766,0.0014997822061,-0.139148979632
690.0000000000000,0.0013897022953,-0.133514451089,-1.384758485e-3,0.1346954474758,-1.384758485e-3,0.1346954474758,0.0013900635546,-0.133572165476
695.0000000000000,0.0012921980159,-0.128337973569,-1.287207305e-3,0.1295267643605,-1.287207305e-3,0.1295267643605,0.0012925285517,-0.128394212601
700.0000000000000,0.0012051580993,-0.123517397182,-1.200122125e-3,0.1247140428792,-1.200122125e-3,0.1247140428792,0.0012054612447,-0.123572273804
705.0000000000000,0.0011271587723,-0.119015799505,-1.122078946e-3,0.1202203548520,-1.122078946e-3,0.1202203548520,0.0011274374078,-0.119069415083
710.0000000000000,0.0010570104011,-0.114801183283,-1.051887945e-3,0.1160136980409,-1.051887945e-3,0.1160136980409,0.0010572670284,-0.114853629151
715.0000000000000,9.9371279263e-4,-0.110845681280,-9.885487680e-4,0.1120662008753,-9.885487680e-4,0.1120662008753,9.9394959361e-4,-0.110897040040
720.0000000000000,9.3642013878e-4,-0.107124910337,-9.312154722e-4,0.1083534764105,-9.312154722e-4,0.1083534764105,9.3663902409e-4,-0.107175256952
725.0000000000000,8.8441329877e-4,-0.103617442971,-8.791688003e-4,0.1048540938400,-8.791688003e-4,0.1048540938400,8.8461594758e-4,-0.103666845694
730.0000000000000,8.3707771561e-4,-0.100304372285,-8.317940954e-4,0.1015491433432,-8.317940954e-4,0.1015491433432,8.3726560832e-4,-0.100352893453
735.0000000000000,7.9388569524e-4,-0.097168951534,-7.885635775e-4,0.0984218755868,-7.885635775e-4,0.0984218755868,7.9406014075e-4,-0.097216648245
740.0000000000000,7.5438209088e-4,-0.094196293794,-7.490220250e-4,0.0954574013542,-7.490220250e-4,0.0954574013542,7.5454424929e-4,-0.094243218494
745.0000000000000,7.1817266515e-4,-0.091373120381,-7.127751350e-4,0.0926424399199,-7.127751350e-4,0.0926424399199,7.1832356686e-4,-0.091419321366
750.0000000000000,6.8491457264e-4,-0.088687549014,-6.794800048e-4,0.0899651071815,-6.794800048e-4,0.0899651071815,6.8505513444e-4,-0.088733070873
755.0000000000000,6.5430853278e-4,-0.086128914594,-6.488373035e-4,0.0874147364102,-6.488373035e-4,0.0874147364102,6.5443957156e-4,-0.086173798589
760.0000000000000,6.2609235877e-4,-0.083687616884,-6.205847993e-4,0.0849817259064,-6.205847993e-4,0.0849817259064,6.2621460317e-4,-0.083731901286
765.0000000000000,6.0003558053e-4,-0.081354990494,-5.944919824e-4,0.0826574089642,-5.944919824e-4,0.0826574089642,6.0014968089e-4,-0.081398710877
770.0000000000000,5.7593495546e-4,-0.079123193451,-5.703555747e-4,0.0804339424238,-5.703555747e-4,0.0804339424238,5.7604149246e-4,-0.079166382950
775.0000000000000,5.5361070351e-4,-0.076985111324,-5.479957644e-4,0.0783042107838,-5.479957644e-4,0.0783042107838,5.5371019559e-4,-0.077027800865
780.0000000000000,5.3290333607e-4,-0.074934274435,-5.272530340e-4,0.0762617433966,-5.272530340e-4,0.0762617433966,5.3299624585e-4,-0.074976492938
785.0000000000000,5.1367097400e-4,-0.072964786113,-5.079854786e-4,0.0743006427100,-5.079854786e-4,0.0743006427100,5.1375771393e-4,-0.073006560672
790.0000000000000,4.9578707063e-4,-0.071071260307,-4.900665280e-4,0.0724155218731,-4.900665280e-4,0.0724155218731,4.9586800795e-4,-0.071112616348
795.0000000000000,4.7913847131e-4,-0.069248767167,-4.733830065e-4,0.0706014503105,-4.733830065e-4,0.0706014503105,4.7921393234e-4,-0.069289728598
800.0000000000000,4.6362375387e-4,-0.067492785439,-4.578334724e-4,0.0688539061024,-4.578334724e-4,0.0688539061024,4.6369402785e-4,-0.067533374773
805.0000000000000,4.4915180451e-4,-0.065799160675,-4.433267942e-4,0.0671687341977,-4.433267942e-4,0.0671687341977,4.4921714705e-4,-0.065839399148
810.0000000000000,4.3564059182e-4,-0.064164068475,-4.297809244e-4,0.0655421096423,-4.297809244e-4,0.0655421096423,4.3570122788e-4,-0.064203976152
815.0000000000000,4.2301610791e-4,-0.062583982044,-4.171218402e-4,0.0639705051340,-4.171218402e-4,0.0639705051340,4.2307223456e-4,-0.062623577907
820.0000000000000,4.1121145136e-4,-0.061055643493,-4.052826268e-4,0.0624506623218,-4.052826268e-4,0.0624506623218,4.1126324019e-4,-0.061094945534
825.0000000000000,4.0016603049e-4,-0.059576038397,-3.942026798e-4,0.0609795663535,-3.942026798e-4,0.0609795663535,4.0021362986e-4,-0.059615063688
830.0000000000000,3.8982486943e-4,-0.058142373166,-3.838270122e-4,0.0595544232511,-3.838270122e-4,0.0595544232511,3.8986840645e-4,-0.058181137934
835.0000000000000,3.8013800206e-4,-0.056752054899,-3.741056472e-4,0.0581726397534,-3.741056472e-4,0.0581726397534,3.8017758441e-4,-0.056790574586
840.0000000000000,3.7105994135e-4,-0.055402673380,-3.649930882e-4,0.0568318053171,-3.649930882e-4,0.0568318053171,3.7109565898e-4,-0.055440962705
845.0000000000000,3.6254921354e-4,-0.054091984983,-3.564478526e-4,0.0555296760114,-3.564478526e-4,0.0555296760114,3.6258114018e-4,-0.054130057991
850.0000000000000,3.5456794841e-4,-0.052817898226,-3.484320622e-4,0.0542641600767,-3.484320622e-4,0.0542641600767,3.5459614300e-4,-0.052855768338
855.0000000000000,3.4708151787e-4,-0.051578460803,-3.409110816e-4,0.0530333049505,-3.409110816e-4,0.0530333049505,3.4710602590e-4,-0.051616140862
860.0000000000000,3.4005821668e-4,-0.050371847906,-3.338531988e-4,0.0518352855889,-3.338531988e-4,0.0518352855889,3.4007907136e-4,-0.050409350216
865.0000000000000,3.3346897961e-4,-0.049196351694,-3.272293425e-4,0.0506683939340,-3.272293425e-4,0.0506683939340,3.3348620306e-4,-0.049233688058
870.0000000000000,3.2728713052e-4,-0.048050371779,-3.210128311e-4,0.0495310293989,-3.210128311e-4,0.0495310293989,3.2730073480e-4,-0.048087553535
875.0000000000000,3.2148815920e-4,-0.046932406618,-3.151791497e-4,0.0484216902564,-3.151791497e-4,0.0484216902564,3.2149814735e-4,-0.046969444670
880.0000000000000,3.1604952261e-4,-0.045841045705,-3.097057509e-4,0.0473389658324,-3.097057509e-4,0.0473389658324,3.1605588959e-4,-0.045877950552
885.0000000000000,3.1095046753e-4,-0.044774962486,-3.045718777e-4,0.0462815294166,-3.045718777e-4,0.0462815294166,3.1095320109e-4,-0.044811744250
890.0000000000000,3.0617187193e-4,-0.043732907910,-2.997584048e-4,0.0452481318161,-2.997584048e-4,0.0452481318161,3.0617095347e-4,-0.043769576361
895.0000000000000,3.0169610294e-4,-0.042713704557,-2.952476966e-4,0.0442375954820,-2.952476966e-4,0.0442375954820,3.0169150835e-4,-0.042750269139
900.0000000000000,2.9750688951e-4,-0.041716241285,-2.910234799e-4,0.0432488091518,-2.910234799e-4,0.0432488091518,2.9749858991e-4,-0.041752711136
905.0000000000000,2.9358920793e-4,-0.040739468332,-2.870707291e-4,0.0422807229541,-2.870707291e-4,0.0422807229541,2.9357717038e-4,-0.040775852304
910.0000000000000,2.8992917884e-4,-0.039782392838,-2.833755635e-4,0.0413323439300,-2.833755635e-4,0.0413323439300,2.8991336709e-4,-0.039818699517
915.0000000000000,2.8651397447e-4,-0.038844074741,-2.799251547e-4,0.0404027319286,-2.799251547e-4,0.0404027319286,2.8649434961e-4,-0.038880312467
920.0000000000000,2.8333173491e-4,-0.037923623017,-2.767076423e-4,0.0394909958413,-2.767076423e-4,0.0394909958413,2.8330825598e-4,-0.037959799896
925.0000000000000,2.8037149243e-4,-0.037020192211,-2.737120585e-4,0.0385962901420,-2.737120585e-4,0.0385962901420,2.8034411711e-4,-0.037056316137
930.0000000000000,2.7762310311e-4,-0.036132979263,-2.709282600e-4,0.0377178117032,-2.709282600e-4,0.0377178117032,2.7759178823e-4,-0.036169057928
935.0000000000000,2.7507718478e-4,-0.035261220570,-2.683468655e-4,0.0368547968631,-2.683468655e-4,0.0368547968631,2.7504188696e-4,-0.035297261482
940.0000000000000,2.7272506091e-4,-0.034404189283,-2.659591998e-4,0.0360065187196,-2.659591998e-4,0.0360065187196,2.7268573704e-4,-0.034440199774
945.0000000000000,2.7055870951e-4,-0.033561192806,-2.637572426e-4,0.0351722846309,-2.637572426e-4,0.0351722846309,2.7051531735e-4,-0.033597180050
950.0000000000000,2.6857071684e-4,-0.032731570486,-2.617335823e-4,0.0343514339034,-2.617335823e-4,0.0343514339034,2.6852321547e-4,-0.032767541507
955.0000000000000,2.6675423526e-4,-0.031914691469,-2.598813739e-4,0.0335433356506,-2.598813739e-4,0.0335433356506,2.6670258559e-4,-0.031950653157
960.0000000000000,2.6510294485e-4,-0.031109952720,-2.581943004e-4,0.0327473868074,-2.581943004e-4,0.0327473868074,2.6504711010e-4,-0.031145911837
965.0000000000000,2.6361101853e-4,-0.030316777175,-2.566665379e-4,0.0319630102861,-2.566665379e-4,0.0319630102861,2.6355096463e-4,-0.030352740368
970.0000000000000,2.6227309017e-4,-0.029534612028,-2.552927241e-4,0.0311896532617,-2.552927241e-4,0.0311896532617,2.6220878626e-4,-0.029570585835
975.0000000000000,2.6108422564e-4,-0.028762927133,-2.540679289e-4,0.0304267855761,-2.540679289e-4,0.0304267855761,2.6101564444e-4,-0.028798918000
980.0000000000000,2.6003989632e-4,-0.028001213521,-2.529876282e-4,0.0296738982496,-2.529876282e-4,0.0296738982496,2.5996701457e-4,-0.028037227804
985.0000000000000,2.5913595502e-4,-0.027248982005,-2.520476795e-4,0.0289305020917,-2.520476795e-4,0.0289305020917,2.5905875379e-4,-0.027285025981
990.0000000000000,2.5836861392e-4,-0.026505761885,-2.512443003e-4,0.0281961264021,-2.512443003e-4,0.0281961264021,2.5828707906e-4,-0.026541841762
995.0000000000000,2.5773442456e-4,-0.025771099733,-2.505740475e-4,0.0274703177548,-2.505740475e-4,0.0274703177548,2.5764854701e-4,-0.025807221654
1000.000000000000,2.5723025956e-4,-0.025044558247,-2.500337998e-4,0.0267526388582,-2.500337998e-4,0.0267526388582,2.5714003569e-4,-0.025080728304
1005.000000000000,2.5685329598e-4,-0.024325715188,-2.496207402e-4,0.0260426674841,-2.496207402e-4,0.0260426674841,2.5675872791e-4,-0.024361939424
1010.000000000000,2.5660100016e-4,-0.023614162370,-2.493323418e-4,0.0253399954615,-2.493323418e-4,0.0253399954615,2.5650209607e-4,-0.023650446789
1015.000000000000,2.5647111404e-4,-0.022909504710,-2.491663532e-4,0.0246442277278,-2.491663532e-4,0.0246442277278,2.5636788844e-4,-0.022945855284
1020.000000000000,2.5646164262e-4,-0.022211359336,-2.491207868e-4,0.0239549814343,-2.491207868e-4,0.0239549814343,2.5635411667e-4,-0.022247782012
1025.000000000000,2.5657084288e-4,-0.021519354740,-2.491939070e-4,0.0232718851003,-2.491939070e-4,0.0232718851003,2.5645904461e-4,-0.021555855448
1030.000000000000,2.5679937509e-4,-0.020833132517,-2.493863445e-4,0.0225945803676,-2.493863445e-4,0.0225945803676,2.5668331749e-4,-0.020869717191
1035.000000000000,2.5714814427e-4,-0.020152344042,-2.496989697e-4,0.0219227186663,-2.496989697e-4,0.0219227186663,2.5702782205e-4,-0.020189018634
1040.000000000000,2.5761612661e-4,-0.019476647202,-2.501307581e-4,0.0212559579209,-2.501307581e-4,0.0212559579209,2.5749153668e-4,-0.019513417665
1045.000000000000,2.5820252114e-4,-0.018805708243,-2.506809082e-4,0.0205939644177,-2.506809082e-4,0.0205939644177,2.5807366259e-4,-0.018842580540
1050.000000000000,2.5890674491e-4,-0.018139201109,-2.513488365e-4,0.0199364121468,-2.513488365e-4,0.0199364121468,2.5877361899e-4,-0.018176181219
1055.000000000000,2.5972842913e-4,-0.017476806817,-2.521341734e-4,0.0192829821720,-2.521341734e-4,0.0192829821720,2.5959103917e-4,-0.017513900742
1060.000000000000,2.6066741611e-4,-0.016818212849,-2.530367604e-4,0.0186333620267,-2.530367604e-4,0.0186333620267,2.6052576755e-4,-0.016855426618
1065.000000000000,2.6172375718e-4,-0.016163112573,-2.540566478e-4,0.0179872451327,-2.540566478e-4,0.0179872451327,2.6157785740e-4,-0.016200452251
1070.000000000000,2.6289771120e-4,-0.015511204683,-2.551940935e-4,0.0173443302404,-2.551940935e-4,0.0173443302404,2.6274756950e-4,-0.015548676374
1075.000000000000,2.6418974406e-4,-0.014862192654,-2.564495622e-4,0.0167043208870,-2.564495622e-4,0.0167043208870,2.6403537153e-4,-0.014899802512
1080.000000000000,2.6560052885e-4,-0.014215784221,-2.578237256e-4,0.0160669248715,-2.578237256e-4,0.0160669248715,2.6544193823e-4,-0.014253538455
1085.000000000000,2.6713094677e-4,-0.013571690870,-2.593174636e-4,0.0154318537442,-2.593174636e-4,0.0154318537442,2.6696815237e-4,-0.013609595746
1090.000000000000,2.6878208893e-4,-0.012929627332,-2.609318656e-4,0.0147988223091,-2.609318656e-4,0.0147988223091,2.6861510640e-4,-0.012967689185
1095.000000000000,2.7055525876e-4,-0.012289311105,-2.626682334e-4,0.0141675481366,-2.626682334e-4,0.0141675481366,2.7038410499e-4,-0.012327536343
1100.000000000000,2.7245197535e-4,-0.011650461971,-2.645280842e-4,0.0135377510855,-2.645280842e-4,0.0135377510855,2.7227666823e-4,-0.011688857082
1105.000000000000,2.7447397743e-4,-0.011012801526,-2.665131547e-4,0.0129091528321,-2.665131547e-4,0.0129091528321,2.7429453567e-4,-0.011051373085
1110.000000000000,2.7662322829e-4,-0.010376052714,-2.686254060e-4,0.0122814764050,-2.686254060e-4,0.0122814764050,2.7643967117e-4,-0.010414807391
1115.000000000000,2.7890192139e-4,-9.739939369e-3,-2.708670293e-4,0.0116544457239,-2.708670293e-4,0.0116544457239,2.7871426853e-4,-9.778883932e-3
1120.000000000000,2.8131248694e-4,-9.104185751e-3,-2.732404520e-4,0.0110277851408,-2.732404520e-4,0.0110277851408,2.8112075802e-4,-9.143327079e-3
1125.000000000000,2.8385759927e-4,-8.468516090e-3,-2.757483459e-4,0.0104012189812,-2.757483459e-4,0.0104012189812,2.8366181375e-4,-8.507861178e-3
1130.000000000000,2.8654018519e-4,-7.832654129e-3,-2.783936348e-4,0.0097744710855,-2.783936348e-4,0.0097744710855,2.8634036200e-4,-7.872210094e-3
1135.000000000000,2.8936343324e-4,-7.196322659e-3,-2.811795041e-4,0.0091472643468,-2.811795041e-4,0.0091472643468,2.8915959044e-4,-7.236096749e-3
1140.000000000000,2.9233080404e-4,-6.559243054e-3,-2.841094111e-4,0.0085193202453,-2.841094111e-4,0.0085193202453,2.9212295846e-4,-6.599242656e-3
1145.000000000000,2.9544604159e-4,-5.921134797e-3,-2.871870962e-4,0.0078903583764,-2.871870962e-4,0.0078903583764,2.9523420847e-4,-5.961367447e-3
1150.000000000000,2.9871318585e-4,-5.281715005e-3,-2.904165955e-4,0.0072600959709,-2.904165955e-4,0.0072600959709,2.9849737839e-4,-5.322188395e-3
1155.000000000000,3.0213658637e-4,-4.640697937e-3,-2.938022545e-4,0.0066282474071,-2.938022545e-4,0.0066282474071,3.0191681532e-4,-4.681419923e-3
1160.000000000000,3.0572091729e-4,-3.997794494e-3,-2.973487430e-4,0.0059945237099,-2.973487430e-4,0.0059945237099,3.0549719048e-4,-4.038773107e-3
1165.000000000000,3.0947119372e-4,-3.352711707e-3,-3.010610716e-4,0.0053586320388,-3.010610716e-4,0.0053586320388,3.0924351556e-4,-3.393955162e-3
1170.000000000000,3.1339278948e-4,-2.705152206e-3,-3.049446091e-4,0.0047202751592,-3.049446091e-4,0.0047202751592,3.1316116044e-4,-2.746668913e-3
1175.000000000000,3.1749145657e-4,-2.054813680e-3,-3.090051025e-4,0.0040791508976,-3.090051025e-4,0.0040791508976,3.1725587261e-4,-2.096612253e-3
1180.000000000000,3.2177334621e-4,-1.401388307e-3,-3.132486974e-4,0.0034349515771,-3.132486974e-4,0.0034349515771,3.2153379816e-4,-1.443477576e-3
1185.000000000000,3.2624503173e-4,-7.445621710e-4,-3.176819614e-4,0.0027873634315,-3.176819614e-4,0.0027873634315,3.2600150470e-4,-7.869511912e-4
1190.000000000000,3.3091353351e-4,-8.401464980e-5,-3.223119087e-4,0.0021360659949,-3.223119087e-4,0.0021360659949,3.3066600617e-4,-1.267127166e-4
1195.000000000000,3.3578634598e-4,5.8058222100e-4,-3.271460272e-4,0.0014807314649,-3.271460272e-4,0.0014807314649,3.3553478985e-4,5.3756556171e-4
1200.000000000000,3.4087146709e-4,0.0012495644153,-3.321923080e-4,8.2102403648e-4,-3.321923080e-4,8.2102403648e-4,3.4061584575e-4,0.0012062193534
